Best Model Metadata
============================================================
model_name: Random Forest
f1_score: 0.9957722458689826
roc_auc: 0.9999155710780006
accuracy: 0.997185767935562
precision: 0.9972872500753541
recall: 0.9942618376429174
train_time: 411.69547510147095
timestamp: 2025-11-11 22:43:24
